51	NINE	九城数码	0.000	0.000	0.000	0.000	0.000	0.000	0.00	0.00	0.000	66.14M
52	NPD	中国海王星辰连锁药店	0.000	0.000	0.000	0.000	0.000	0.000	0.00	0.00	33.00	0.00
53	NTES	网易	0.000	0.000	0.000	0.000	0.000	0.000	0.00	0.00	22.00	30.41B
54	OIIM	凹凸科技	0.000	0.000	0.000	0.000	0.000	0.000	0.00	0.00	0.000	45.37M
55	PTR	中国石油	0.000	0.000	0.000	0.000	0.000	0.000	0.00	0.00	52.00	124.31B
56	PWRD	北京完美时空	0.000	0.000	0.000	0.000	0.000	0.000	0.00	0.00	14.00	1.00B
57	SEED	北京奥瑞金种业	0.000	0.000	0.000	0.000	0.000	0.000	0.00	0.00	0.000	56.50M
58	SHI	中国石化上海石油化	0.000	0.000	0.000	0.000	0.000	0.000	0.00	0.00	8.00	5.41B
59	SINA	新浪网	0.000	0.000	0.000	0.000	0.000	0.000	0.00	0.00	61.00	5.27B
60	SKBI	天星生药	0.000	0.000	0.000	0.000	0.000	0.000	0.00	0.00	1.00	0.00
61	SMI	中芯国际集成电路制造	0.000	0.000	0.000	0.000	0.000	0.000	0.00	0.00	22.00	5.45B
62	SNP	中国石油化工	0.000	0.000	0.000	0.000	0.000	0.000	0.00	0.00	22.00	89.29B
63	SOHU	搜狐网	0.000	0.000	0.000	0.000	0.000	0.000	0.00	0.00	0.000	1.48B
64	SOL	浙江昱辉阳光能源	0.000	0.000	0.000	0.000	0.000	0.000	0.00	0.00	0.000	134.03M
65	SORL	瑞立集团	0.000	0.000	0.000	0.000	0.000	0.000	0.00	0.00	10	78.38M
66	STV	中国数字电视技术	0.000	0.000	0.000	0.000	0.000	0.000	0.00	0.00	77.00	69.80M
67	SVA	北京科兴生物制品	0.000	0.000	0.000	0.000	0.000	0.000	0.00	0.00	0.000	347.13M
68	SYUT	青岛圣元乳业	0.000	0.000	0.000	0.000	0.000	0.000	0.00	0.00	0.000	226.76M
69	TSL	天合光能	0.000	0.000	0.000	0.000	0.000	0.000	0.00	0.00	10	975.82M
70	UTSI	UT斯达康	0.000	0.000	0.000	0.000	0.000	0.000	0.00	0.00	0.000	72.74M
71	VIMC	北京中星微电子	0.000	0.000	0.000	0.000	0.000	0.000	0.00	0.00	0.000	0.00
72	VISN	华视传媒	0.000	0.000	0.000	0.000	0.000	0.000	0.00	0.00	0.000	26.71M
73	WH	WSP控股	0.000	0.000	0.000	0.000	0.000	0.000	0.00	0.00	0.000	13.69M
74	WUHN	武汉通用集团(中国)	0.000	0.000	0.000	0.000	0.000	0.000	0.00	0.00	0.000	0.00
75	WX	无锡药明康德(开曼)	0.000	0.000	0.000	0.000	0.000	0.000	0.00	0.00	29.00	3.21B
76	XIN	鑫苑置业	0.000	0.000	0.000	0.000	0.000	0.000	0.00	0.00	5.00	350.22M
77	YGE	天威英利	0.000	0.000	0.000	0.000	0.000	0.000	0.00	0.00	0.000	72.71M
78	YZC	兖州煤业	0.000	0.000	0.000	0.000	0.000	0.000	0.00	0.00	26.00	3.67B
1	ACTS	珠海炬力集成电路设计	0.000	0.000	0.000	0.000	0.000	0.000	0.00	0.00	0.000	93.03M
2	AMCN	航美传媒	0.000	0.000	0.000	0.000	0.000	0.000	0.00	0.00	1.00	195.30M
3	ATAI	ATA公司	0.000	0.000	0.000	0.000	0.000	0.000	0.00	0.00	23.00	81.16M
4	ATV	橡果国际	0.000	0.000	0.000	0.000	0.000	0.000	0.00	0.00	0.000	29.01M
5	BIDU	百度	0.000	0.000	0.000	0.000	0.000	0.000	0.00	0.00	13.00	59.82B
6	CAAS	中国汽车系统	0.000	0.000	0.000	0.000	0.000	0.000	0.00	0.00	6.00	121.62M
7	CBAK	中国比克电池	0.000	0.000	0.000	0.000	0.000	0.000	0.00	0.00	0.000	35.18M
8	CEA	中国东方航空	0.000	0.000	0.000	0.000	0.000	0.000	0.00	0.00	7.00	6.47B
9	CEO	中国海洋石油	0.000	0.000	0.000	0.000	0.000	0.000	0.00	0.00	0.000	1.24B
10	CHA	中国电信集团	0.000	0.000	0.000	0.000	0.000	0.000	0.00	0.00	14.00	42.72B
11	CHDX	美中互利	0.000	0.000	0.000	0.000	0.000	0.000	0.00	0.00	0.000	432.85M
12	CHL	中国移动	0.000	0.000	0.000	0.000	0.000	0.000	0.00	0.00	14.00	233.26B
13	CHLN	中华地产	0.000	0.000	0.000	0.000	0.000	0.000	0.00	0.00	0.000	30.25M
14	CHN	中国资金	0.000	0.000	0.000	0.000	0.000	0.000	0.00	0.00	8.00	251.25M
15	CHNR	中能开发	0.000	0.000	0.000	0.000	0.000	0.000	0.00	0.00	0.000	42.35M
16	CHU	中国联通	0.000	0.000	0.000	0.000	0.000	0.000	0.00	0.00	22.00	25.62B
17	CISG	泛华集团	0.000	0.000	0.000	0.000	0.000	0.000	0.00	0.00	22.00	468.95M
18	CNTF	中国德信无线技术	0.000	0.000	0.000	0.000	0.000	0.000	0.00	0.00	0.000	24.98M
19	CREG	中国循环能源有限公司	0.000	0.000	0.000	0.000	0.000	0.000	0.00	0.00	2.00	12.13M
20	CSIQ	江苏阿特斯	0.000	0.000	0.000	0.000	0.000	0.000	0.00	0.00	5.00	765.05M
21	CSUN	中电光伏	0.000	0.000	0.000	0.000	0.000	0.000	0.00	0.00	0.000	0.00
22	CTRP	携程旅行网	0.000	0.000	0.000	0.000	0.000	0.000	0.00	0.00	292.00	20.59B
23	CYD	中国玉柴集团	0.000	0.000	0.000	0.000	0.000	0.000	0.00	0.00	11.00	444.07M
24	DL	正保远程教育	0.000	0.000	0.000	0.000	0.000	0.000	0.00	0.00	17.00	438.53M
25	DSWL	Deswell冠宏电子	0.000	0.000	0.000	0.000	0.000	0.000	0.00	0.00	0.000	27.94M
26	EDU	新东方	0.000	0.000	0.000	0.000	0.000	0.000	0.00	0.00	35.00	7.89B
27	EFUT	富基旋风科技	0.000	0.000	0.000	0.000	0.000	0.000	0.00	0.00	149.00	32.10M
28	EGO	埃尔多拉多黄金	0.000	0.000	0.000	0.000	0.000	0.000	0.00	0.00	0.000	2.37B
29	EJ	易居中国	0.000	0.000	0.000	0.000	0.000	0.000	0.00	0.00	0.000	0.00
30	FFHL	富维薄膜	0.000	0.000	0.000	0.000	0.000	0.000	0.00	0.00	0.000	6.11M
31	GA	巨人网络	0.000	0.000	0.000	0.000	0.000	0.000	0.00	0.00	9.00	2.86B
32	GRO	华奥物种集团	0.000	0.000	0.000	0.000	0.000	0.000	0.00	0.00	0.000	0.00
33	GSH	广深铁路	0.000	0.000	0.000	0.000	0.000	0.000	0.00	0.00	20	3.77B
34	HMIN	如家酒店连锁	0.000	0.000	0.000	0.000	0.000	0.000	0.00	0.00	42.00	0.00
35	HNP	华能国际电力	0.000	0.000	0.000	0.000	0.000	0.000	0.00	0.00	6.00	9.59B
36	JASO	晶澳太阳能	0.000	0.000	0.000	0.000	0.000	0.000	0.00	0.00	3.00	302.55M
37	JFC	JF中国区基金	0.000	0.000	0.000	0.000	0.000	0.000	0.00	0.00	0.000	104.26M
38	JOBS	前程无忧	0.000	0.000	0.000	0.000	0.000	0.000	0.00	0.00	23.00	1.98B
39	JRJC	中国金融界	0.000	0.000	0.000	0.000	0.000	0.000	0.00	0.00	3.00	89.28M
40	JST	海南金盘	0.000	0.000	0.000	0.000	0.000	0.000	0.00	0.00	7.00	0.00
41	KUN	中国圣火药业	0.000	0.000	0.000	0.000	0.000	0.000	0.00	0.00	0.000	0.00
42	LFC	中国人寿保险（集团）	0.000	0.000	0.000	0.000	0.000	0.000	0.00	0.00	35.00	69.81B
43	LONG	艺龙旅行网	0.000	0.000	0.000	0.000	0.000	0.000	0.00	0.00	0.000	0.00
44	LVS	拉斯维加斯金沙集团	0.000	0.000	0.000	0.000	0.000	0.000	0.00	0.00	116.00	36.80B
45	MPEL	新濠博亚娱乐	0.000	0.000	0.000	0.000	0.000	0.000	0.00	0.00	105.00	8.90B
46	MR	迈瑞医疗国际	0.000	0.000	0.000	0.000	0.000	0.000	0.00	0.00	19.00	0.00
47	NCTY	第九城市	0.000	0.000	0.000	0.000	0.000	0.000	0.00	0.00	0.000	52.20M
48	NED	诺亚舟教育	0.000	0.000	0.000	0.000	0.000	0.000	0.00	0.00	35.00	102.00M
49	NINE	九城数码	0.000	0.000	0.000	0.000	0.000	0.000	0.00	0.00	0.000	66.14M
50	NPD	中国海王星辰连锁药店	0.000	0.000	0.000	0.000	0.000	0.000	0.00	0.00	33.00	0.00
1	ABC	亚美资源	0.000	0.000	0.000	0.000	0.000	0.000	0.00	0.00	0.000	21.39B
2	ABT	雅培制药	0.000	0.000	0.000	0.000	0.000	0.000	0.00	0.00	199.00	61.52B
3	ACE	安达保险公司	0.000	0.000	0.000	0.000	0.000	0.000	0.00	0.00	56.00	37.19B
4	ACN	埃森哲公司	0.000	0.000	0.000	0.000	0.000	0.000	0.00	0.00	90	74.27B
5	ADM	阿歇丹尼尔斯米德兰	0.000	0.000	0.000	0.000	0.000	0.000	0.00	0.00	44.00	20.16B
6	ADT	ADT安保公司	0.000	0.000	0.000	0.000	0.000	0.000	0.00	0.00	108.00	0.00
7	AEE	阿莫林	0.000	0.000	0.000	0.000	0.000	0.000	0.00	0.00	116.00	12.14B
8	AEP	美国电力	0.000	0.000	0.000	0.000	0.000	0.000	0.00	0.00	49.00	30.84B
9	AES	AES电力	0.000	0.000	0.000	0.000	0.000	0.000	0.00	0.00	60	7.55B
10	AET	安泰人寿	0.000	0.000	0.000	0.000	0.000	0.000	0.00	0.00	51.00	37.12B
11	AFL	美国家庭生命保险	0.000	0.000	0.000	0.000	0.000	0.000	0.00	0.00	42.00	29.89B
12	AGN	爱力根	0.000	0.000	0.000	0.000	0.000	0.000	0.00	0.00	0.000	120.48B
13	AIG	美国国际集团	0.000	0.000	0.000	0.000	0.000	0.000	0.00	0.00	0.000	64.13B
14	AIV	公寓投资管理	0.000	0.000	0.000	0.000	0.000	0.000	0.00	0.00	294.00	6.90B
15	AIZ	安舒龙保险	0.000	0.000	0.000	0.000	0.000	0.000	0.00	0.00	25.00	4.99B
16	ALL	好事达保险	0.000	0.000	0.000	0.000	0.000	0.000	0.00	0.00	41.00	25.56B
17	AMD	超微电脑	0.000	0.000	0.000	0.000	0.000	0.000	0.00	0.00	0.000	1.94B
18	AMP	阿默普莱斯金融	0.000	0.000	0.000	0.000	0.000	0.000	0.00	0.00	48.00	16.25B
19	AMT	美国发射塔	0.000	0.000	0.000	0.000	0.000	0.000	0.00	0.00	192.00	47.46B
20	AN	汽车王国	0.000	0.000	0.000	0.000	0.000	0.000	0.00	0.00	47.00	4.28B
21	ANF	艾伯克朗比与费迟	0.000	0.000	0.000	0.000	0.000	0.000	0.00	0.00	0.000	2.13B
22	AON	怡安保险	0.000	0.000	0.000	0.000	0.000	0.000	0.00	0.00	97.00	29.56B
23	APA	阿帕奇	0.000	0.000	0.000	0.000	0.000	0.000	0.00	0.00	0.000	20.26B
24	APC	阿纳达科石油	0.000	0.000	0.000	0.000	0.000	0.000	0.00	0.00	0.000	30.37B
25	APD	气体化工	0.000	0.000	0.000	0.000	0.000	0.000	0.00	0.00	80	28.80B
26	APH	安诺电子	0.000	0.000	0.000	0.000	0.000	0.000	0.00	0.00	130	20.10B
27	ARG	艾加斯	0.000	0.000	0.000	0.000	0.000	0.000	0.00	0.00	123.00	0.00
28	ATI	阿勒格尼技术	0.000	0.000	0.000	0.000	0.000	0.000	0.00	0.00	0.000	1.46B
29	AVB	艾夫隆公寓	0.000	0.000	0.000	0.000	0.000	0.000	0.00	0.00	98.00	23.22B
30	AVP	雅芳产品	0.000	0.000	0.000	0.000	0.000	0.000	0.00	0.00	0.000	2.60B
31	AVY	艾弗利丹尼森	0.000	0.000	0.000	0.000	0.000	0.000	0.00	0.00	80	6.97B
32	AZO	自由地带	0.000	0.000	0.000	0.000	0.000	0.000	0.00	0.00	88.00	21.23B
33	BAX	百特国际	0.000	0.000	0.000	0.000	0.000	0.000	0.00	0.00	46.00	19.59B
34	BBT	BB&T 金融服务	0.000	0.000	0.000	0.000	0.000	0.000	0.00	0.00	53.00	26.22B
35	BBY	百思买	0.000	0.000	0.000	0.000	0.000	0.000	0.00	0.00	56.00	12.56B
36	BCR	Bard (C.R.)医疗	0.000	0.000	0.000	0.000	0.000	0.000	0.00	0.00	145.00	16.43B
37	BDX	贝迪医疗	0.000	0.000	0.000	0.000	0.000	0.000	0.00	0.00	167.00	37.77B
38	BEN	富兰克林资源股份有限	0.000	0.000	0.000	0.000	0.000	0.000	0.00	0.00	47.00	20.06B
39	BHI	贝克休斯石化	0.000	0.000	0.000	0.000	0.000	0.000	0.00	0.00	0.000	23.71B
40	BIG	Big Lots零售	0.000	0.000	0.000	0.000	0.000	0.000	0.00	0.00	65.00	2.27B
41	BK	纽约银行	0.000	0.000	0.000	0.000	0.000	0.000	0.00	0.00	55.00	43.38B
42	BLK	贝莱德集团	0.000	0.000	0.000	0.000	0.000	0.000	0.00	0.00	95.00	60.96B
43	BLL	博尔	0.000	0.000	0.000	0.000	0.000	0.000	0.00	0.00	0.000	13.65B
44	BMS	班密思	0.000	0.000	0.000	0.000	0.000	0.000	0.00	0.00	82.00	4.59B
45	BMY	百时美施贵宝	0.000	0.000	0.000	0.000	0.000	0.000	0.00	0.00	92.00	108.42B
46	BSX	波士顿科学	0.000	0.000	0.000	0.000	0.000	0.000	0.00	0.00	162.00	33.07B
47	BTU	皮博迪能源	0.000	0.000	0.000	0.000	0.000	0.000	0.00	0.00	0.000	38.38M
48	BWA	博格华纳	0.000	0.000	0.000	0.000	0.000	0.000	0.00	0.00	46.00	7.45B
49	BXP	波士顿地产	0.000	0.000	0.000	0.000	0.000	0.000	0.00	0.00	97.00	17.53B
50	C	花旗集团	0.000	0.000	0.000	0.000	0.000	0.000	0.00	0.00	42.00	136.15B
1	VOD	沃达丰集团公司	+1.76	34.09	+0.59	34.18	33.93	33.97	5.14M	0.00	1.00	90.00B
2	AAPL	苹果电脑	+0.74	101.32	+0.74	101.47	100.19	100.29	43.67M	0.00	17.00	610.93B
3	ADSK	欧特克	0.000	0.000	0.000	0.000	0.000	0.000	0.00	0.00	0.000	15.14B
4	AKAM	Akamai 科技	0.000	0.000	0.000	0.000	0.000	0.000	0.00	0.00	175.00	13.46B
5	ALTR	艾尔特拉	0.000	0.000	0.000	0.000	0.000	0.000	0.00	0.00	174.00	16.34B
6	ALXN	亚力兄制药	0.000	0.000	0.000	0.000	0.000	0.000	0.00	0.00	405.00	0.00
7	AMAT	应用材料	0.000	0.000	0.000	0.000	0.000	0.000	0.00	0.00	60	20.70B
8	AMGN	安进	0.000	0.000	0.000	0.000	0.000	0.000	0.00	0.00	70	130.82B
9	AMZN	亚马逊网路书店	0.000	0.000	0.000	0.000	0.000	0.000	0.00	0.00	0.000	316.57B
10	APOL	阿波罗集团	0.000	0.000	0.000	0.000	0.000	0.000	0.00	0.00	0.000	950.45M
11	ATVI	Activision暴雪	0.000	0.000	0.000	0.000	0.000	0.000	0.00	0.00	72.00	28.06B
12	AVGO	安华高科技	0.000	0.000	0.000	0.000	0.000	0.000	0.00	0.00	86.00	28.18B
13	BBBY	BBBY家居	0.000	0.000	0.000	0.000	0.000	0.000	0.00	0.00	63.00	9.73B
14	BIIB	生物基因	0.000	0.000	0.000	0.000	0.000	0.000	0.00	0.00	84.00	65.15B
15	BRCM	博通	0.000	0.000	0.000	0.000	0.000	0.000	0.00	0.00	24.00	33.29B
16	CA	冠群电脑	0.000	0.000	0.000	0.000	0.000	0.000	0.00	0.00	58.00	12.23B
17	CELG	新基公司	0.000	0.000	0.000	0.000	0.000	0.000	0.00	0.00	113.00	86.86B
18	CERN	美国塞纳公司	0.000	0.000	0.000	0.000	0.000	0.000	0.00	0.00	186.00	20.49B
19	CHKP	Check Point软体科技	0.000	0.000	0.000	0.000	0.000	0.000	0.00	0.00	23.00	15.22B
20	CHRW	CH罗宾逊全球物流	0.000	0.000	0.000	0.000	0.000	0.000	0.00	0.00	85.00	10.12B
21	CMCSA	康卡斯特电信	0.000	0.000	0.000	0.000	0.000	0.000	0.00	0.00	76.00	151.91B
22	COST	好事多量贩	0.000	0.000	0.000	0.000	0.000	0.000	0.00	0.00	128.00	63.10B
23	CSCO	思科系统	0.000	0.000	0.000	0.000	0.000	0.000	0.00	0.00	14.00	151.33B
24	CTSH	Cognizant技术	0.000	0.000	0.000	0.000	0.000	0.000	0.00	0.00	105.00	39.61B
25	CTXS	西翠克斯系统	0.000	0.000	0.000	0.000	0.000	0.000	0.00	0.00	34.00	13.22B
26	DLTR	美元树公司	0.000	0.000	0.000	0.000	0.000	0.000	0.00	0.00	202.00	14.18B
27	DTV	直播电视集团	0.000	0.000	0.000	0.000	0.000	0.000	0.00	0.00	9.00	0.00
28	EA	电子艺界公司	0.000	0.000	0.000	0.000	0.000	0.000	0.00	0.00	58.00	23.01B
29	EBAY	电子湾拍卖网站	0.000	0.000	0.000	0.000	0.000	0.000	0.00	0.00	20	36.30B
30	ESRX	快捷药方	0.000	0.000	0.000	0.000	0.000	0.000	0.00	0.00	142.00	57.66B
31	EXPD	康捷国际	0.000	0.000	0.000	0.000	0.000	0.000	0.00	0.00	97.00	9.29B
32	EXPE	艾派迪	0.000	0.000	0.000	0.000	0.000	0.000	0.00	0.00	381.00	16.81B
33	FAST	法森纳尔	0.000	0.000	0.000	0.000	0.000	0.000	0.00	0.00	22.00	11.08B
34	FB	FACEBOOK INC	0.000	74.57	0.000	74.73	73.57	74.34	20.78M	0.00	97.00	193.88B
35	FFIV	F5网络公司	0.000	0.000	0.000	0.000	0.000	0.000	0.00	0.00	23.00	7.92B
36	FISV	费哲金融	0.000	0.000	0.000	0.000	0.000	0.000	0.00	0.00	25.00	21.65B
37	FLEX	岳捷国际	0.000	0.000	0.000	0.000	0.000	0.000	0.00	0.00	71.00	7.39B
38	FOSL	福思公司	0.000	0.000	0.000	0.000	0.000	0.000	0.00	0.00	72.00	2.59B
39	GILD	吉利德科学	0.000	0.000	0.000	0.000	0.000	0.000	0.00	0.00	39.00	159.43B
40	GMCR	绿山咖啡	0.000	0.000	0.000	0.000	0.000	0.000	0.00	0.00	133.00	13.70B
41	GOLD	RANDGOLD RES LTD ADR ISIN#US75	0.000	0.000	0.000	0.000	0.000	0.000	0.00	0.00	21.00	0.00
42	GOOG	谷歌-Class C	0.000	0.000	0.000	0.000	0.000	0.000	0.00	0.00	144.00	514.52B
43	GRMN	嘉明	0.000	0.000	0.000	0.000	0.000	0.000	0.00	0.00	105.00	9.15B
44	HSIC	亨利沙因	0.000	0.000	0.000	0.000	0.000	0.000	0.00	0.00	127.00	12.89B
45	INTC	英特尔	0.000	0.000	0.000	0.000	0.000	0.000	0.00	0.00	18.00	175.66B
46	INTU	英图易软件	0.000	0.000	0.000	0.000	0.000	0.000	0.00	0.00	60	28.03B
47	ISRG	Intuitive 外科	0.000	0.000	0.000	0.000	0.000	0.000	0.00	0.00	202.00	19.35B
48	KLAC	科天	0.000	0.000	0.000	0.000	0.000	0.000	0.00	0.00	21.00	10.87B
49	LIFE	生命技术	0.000	0.000	0.000	0.000	0.000	0.000	0.00	0.00	0.000	72.34M
50	LINTA	自由媒体	0.000	0.000	0.000	0.000	0.000	0.000	0.00	0.00	34.00	13.55B
51	LINTA	自由媒体	0.000	0.000	0.000	0.000	0.000	0.000	0.00	0.00	34.00	13.55B
52	LLTC	淩特科技	0.000	0.000	0.000	0.000	0.000	0.000	0.00	0.00	29.00	14.06B
53	LRCX	拉姆研究	0.000	0.000	0.000	0.000	0.000	0.000	0.00	0.00	48.00	12.68B
54	MAT	美泰	0.000	0.000	0.000	0.000	0.000	0.000	0.00	0.00	0.000	10.78B
55	MCHP	微晶片科技	0.000	0.000	0.000	0.000	0.000	0.000	0.00	0.00	0.000	12.81B
56	MDLZ	亿滋国际公司	0.000	0.000	0.000	0.000	0.000	0.000	0.00	0.00	245.00	75.09B
57	MNST	怪物饮料	0.000	0.000	0.000	0.000	0.000	0.000	0.00	0.00	184.00	27.65B
58	MRVL	麦维尔科技集团	0.000	0.000	0.000	0.000	0.000	0.000	0.00	0.00	419.00	6.43B
59	MSFT	微软	0.000	0.000	0.000	0.000	0.000	0.000	0.00	0.00	27.00	446.04B
60	MU	美光科技	0.000	0.000	0.000	0.000	0.000	0.000	0.00	0.00	9.00	17.63B
61	MXIM	美信集成	0.000	0.000	0.000	0.000	0.000	0.000	0.00	0.00	66.00	10.96B
62	MYL	米兰实验室	0.000	0.000	0.000	0.000	0.000	0.000	0.00	0.00	23.00	21.06B
63	NFLX	奈飞公司	0.000	0.000	0.000	0.000	0.000	0.000	0.00	0.00	323.00	52.53B
64	NTAP	网路用品	0.000	0.000	0.000	0.000	0.000	0.000	0.00	0.00	152.00	9.74B
65	NUAN	微妙通讯公司	0.000	0.000	0.000	0.000	0.000	0.000	0.00	0.00	0.000	3.89B
66	NVDA	恩维达科技	0.000	0.000	0.000	0.000	0.000	0.000	0.00	0.00	203.00	35.90B
67	NWSA	新闻集团	0.000	0.000	0.000	0.000	0.000	0.000	0.00	0.00	43.00	7.49B
68	ORCL	甲骨文	0.000	0.000	0.000	0.000	0.000	0.000	0.00	0.00	88.00	155.72B
69	ORLY	奥赖利汽车	0.000	0.000	0.000	0.000	0.000	0.000	0.00	0.00	0.000	0.00
70	PAYX	沛齐	0.000	0.000	0.000	0.000	0.000	0.000	0.00	0.00	93.00	20.19B
71	PCAR	帕卡	0.000	0.000	0.000	0.000	0.000	0.000	0.00	0.00	0.000	19.87B
72	PCLN	普利斯林公司	0.000	0.000	0.000	0.000	0.000	0.000	0.00	0.00	200	74.02B
73	PRGO	PERRIGO CO	0.000	0.000	0.000	0.000	0.000	0.000	0.00	0.00	122.00	13.44B
74	QCOM	高通	0.000	0.000	0.000	0.000	0.000	0.000	0.00	0.00	21.00	91.70B
75	RIMM	Research in Motion	0.000	0.000	0.000	0.000	0.000	0.000	0.00	0.00	0.000	0.00
76	ROST	罗斯商店	0.000	0.000	0.000	0.000	0.000	0.000	0.00	0.00	89.00	25.64B
77	SBUX	星巴克	0.000	0.000	0.000	0.000	0.000	0.000	0.00	0.00	42.00	81.19B
78	SHLD	西尔斯	0.000	0.000	0.000	0.000	0.000	0.000	0.00	0.00	0.000	1.18B
79	SIAL	西克玛艾尔迪希	0.000	0.000	0.000	0.000	0.000	0.000	0.00	0.00	134.00	16.72B
80	SIRI	SIRIUS XM RADIO	0.000	0.000	0.000	0.000	0.000	0.000	0.00	0.00	138.00	20.19B
81	SNDK	桑迪斯	0.000	0.000	0.000	0.000	0.000	0.000	0.00	0.00	42.00	15.56B
82	SPLS	斯达波	0.000	0.000	0.000	0.000	0.000	0.000	0.00	0.00	143.00	5.56B
83	SRCL	消毒循环公司	0.000	0.000	0.000	0.000	0.000	0.000	0.00	0.00	98.00	6.48B
84	STX	希捷	0.000	0.000	0.000	0.000	0.000	0.000	0.00	0.00	11.00	6.47B
85	SYMC	赛门铁克	0.000	0.000	0.000	0.000	0.000	0.000	0.00	0.00	20	11.77B
86	TXN	德州仪器	0.000	0.000	0.000	0.000	0.000	0.000	0.00	0.00	107.00	69.71B
87	VIAB	维亚康姆	0.000	0.000	0.000	0.000	0.000	0.000	0.00	0.00	9.00	14.28B
88	VRSN	维圣	0.000	0.000	0.000	0.000	0.000	0.000	0.00	0.00	91.00	8.14B
89	VRTX	福泰制药	0.000	0.000	0.000	0.000	0.000	0.000	0.00	0.00	0.000	22.15B
90	WFM	全食超市公司	0.000	0.000	0.000	0.000	0.000	0.000	0.00	0.00	93.00	15.48B
91	WYNN	永利渡假	0.000	0.000	0.000	0.000	0.000	0.000	0.00	0.00	0.000	7.35B
92	XLNX	塞灵思	0.000	0.000	0.000	0.000	0.000	0.000	0.00	0.00	81.00	11.51B
93	XRAY	丹斯普国际	0.000	0.000	0.000	0.000	0.000	0.000	0.00	0.00	85.00	13.84B
94	YHOO	雅虎	0.000	0.000	0.000	0.000	0.000	0.000	0.00	0.00	0.000	41.60B
